0.047619
0.200317
0.327687
0.463016
0.588662
0.731950
0.866553
0.999683
1.124626
1.265578
1.396621
1.533537
1.662313
1.800907
1.936916
2.075011
2.196236
2.342086
2.467234
2.605692
2.730862
2.874626
3.009229
3.268662
3.407800
3.538934
3.674512
3.804671
3.942880
4.081247
4.218458
4.338549
4.485442
4.611021
4.747755
4.873764
5.017642
5.151996
5.290249
5.411882
5.550091
5.682472
5.816485
5.947143
6.088163
6.222880
6.364286
6.480839
6.630114
6.753515
6.892426
7.018277
7.161451
7.294739
7.417755
7.554830
7.692812
7.825488
7.961089
8.089207
8.229433
8.367120
8.496508
8.622925
8.772880
8.897755
9.034467
9.160476
9.302517
9.435737
9.571769
9.697302
9.835374
9.968866
10.105261
10.232313
10.372971
10.508277
10.621904
10.765941
10.915578
11.041088
11.176984
11.301768
11.447732
11.578050
11.838163
11.979456
12.110159
12.246145
12.375125
12.516508
12.652494
12.793606
12.907914
13.057165
13.183016
13.318458
13.446644
13.587370
13.722063
13.857165
13.981497
14.122177
14.254603
14.389706
14.519955
14.657098
14.794626
14.935919
15.051564
15.197528
15.326463
15.462403
15.588889
15.731769
15.867302
15.989070
16.125193
16.265034
16.398436
16.534445
16.662313
16.802698
16.939026
